2243488099162932
618689579635640
500783035221058
778924696704360
415791747324764
454219046753610
589027806195511
1145417309709559
1059082884792434
816665589532134
774326153875438
6328371203846371
809296310254480
449426817134150
1547830112297077
608869577445451
1841489169576070
1065040177479023
769313074088035
5809888492412850
555344599437597
5406276406148653
709297676789974
3385384655051967
646505966991755
674533230274640
458802916200203
758256732141801
1744898349244056
2500028793493940
648218086618025
593382119155697
619445103184604
1093473921285262
613604433754130
800939351058489
399854162118257
771778860745433
485071523470392
1158066321472766
5141119749344398
387157206764141
516751410450297
486850266320874
802696841180627
392234889741417
1157874605070690
5490515331039342
540534814497373
1611713909277136
927834688141777
442795734301623
490258892454388
1491217944639522
402373991822517
1242783943166124
1107514330170093
1039146023469471
1064894791085056
2004604496393804
1151509055404108
893979978227688
768840764259863
641428986942428
833052070999519
467987181371255
458693046076432
459817472324592
573034234374792
5585534244824880
2061544580719555
5349601328461222
524023549520223
579693303821794
1678567505850385
882797299343364
554832289986563
827806868479920
1250695778830962
497229882082653
1122123245372953
1078320786147359
1781821175527093
815097596165568
792104438503207
402683668643100
517699747027808
905321877522877
606779667506284
1433302400505492
537876398128463
597380022057898
672752657689283
834301167720334
1507261836417790
1096335287664200
498552205149498
614121123542651
1489694631492584
1147108415899761
648696606571841
414699214105200
1271097366971871
801494700892455
1146629799566987
787208782522504
645161373890988
443703500909372
821926772494040
601505411415054
480086477302840
650047816726652
1776198892732612
623889699077724
829931971499672
601730575070809
453419963398019
1011914649477285
3188941377989148
602972921321013
574440724407440
852303282845679
536728908228764
762079258247538
740927173843823
4609701289132239
899261857918841
1588444101587446
747828219532050
2179792448873447
1335675613642614
1297786937461056
454104396912539
874057350605881
1199404917451475
2282209438614660
1341337536678593
988966252493807
431780512497004
942131566765277
491180986318442
827695121613501
518125743522259
1290400421783854
440461824938464
673466317548083
443778954553028
807568147143243
463042069143357
379974574269702
839609630726407
1273677613478587
647364710349373
5767254096659420
1425097957978672
640121390825921
782094232898012
3405778349748830
1954632904740555
1797813953903026
1153556771901761
488957786416562
770811004215588
3269796629959796
1577714612631406
652343752929311
644457140440569
1155891738615602
1272032240236847
1311220596348655
560943729050348
493647548934584
397582279121532
482760730160870
768769564383724
1092615864792240
1786560708364031
382653694020975
451958270215035
1053661935317586
799942324532366
1256767598410032
5516274135152523
1141283706600343
2215370381955830
1148722559323817
397716458999593
904969174225030
3287298251535928
1757713924561325
749740232779435
1199696750881761
1087347111987226
1210220923159448
1089560071680394
775761016975942
983193615865157
376381184522167
847188746233974
814382019920323
1243814509714637
1805794653117720
1421910634996264
754974709142676
8478114265535728
491685606294941
812220246462363
2006070572930968
569944928261615
3206905936306086
1210530783076586
3311704195781876
756962482189305
397990578875064
779747479894034
3344556682429704
565668445054781
1216447695658088
670882917862386
842245186888160
1199425970664929
549848433626278
884483476047667
5538443166245689
1770478083328744
891422771804635
1691676077896279
1180060932909261
449268053770274
625508405727197
827548758440466
632356855218253
1296187837785680
1498369147314164
814932706327897
959758472085935
1028006361201352
1151278565457727
501548518459742
3372714686290780
562222165656937
750105309435221
1191345071467689
7868103983264795
1145473536374041
2932535517050630
632857365171153
1527419907687914
797344088073897
646284453513557
1221339708651973
861915354780475
1026622741340525
1253800572052428
2125337167637697
455827606560599
5282545395205737
450845793438590
591643449237740
620811866121251
748180263130708
3187709058211574
1146926735888571
456550799427363
427254452689493
1811015579237018
793680901991758
1418662028650578
600831654770133
1404636099948430
509832320938573
345629211093716
1391165374623707
519291490212137
905394390864195
1477543489324572
367646462126135
1263780747712443
887398988896644
5399187556797362
1103472943893340
2851550741808318
1046547385981525
1050203465686188
1050528148987128
607763344063805
829668628200361
627195449064372
620454929576327
797526178096715
808625233467294
1097186674560037
424497436145734
1245331582906916
1428564017654118
548432403764361
5325356904242429
466233365438302
1441158599644270
780945036389250
1263123141171459
1024284534902555
1128627247730413
314229290889757
615934006546992
439753754685742
1213871865895399
447809960871883
1186044578952316
1223568414899663
1169509637102031
691706425637924
666595441619227
728033695223459
461876789458525
715663963226712
826981328532898
2614943595314604
1340854846663294
520360240140882
813169999771256
801188490975563
485375713661487
947078113345256
438868604936038
1286012765523789
473461524890921
6045231165495873
621980889722057
1143161502991080
655040686284203
812529053343868
1287281925447750
971762414214624
1664061770675974
673570297759210
639827524442326
1477269652773854
3150534741924530
447220417528149
1428112154381422
8324928794247554
510594974016382
3281719482071154
846802669658163
452925143607628
1272259536895088
3432212480342171
1128126671169057
3235020956814927
1294532614730838
1170364207166668
3415915645400672
552097873357488
1336022686929727
1268090430397719
1426177871236961
3133390403545268
771862060711735
1671222916612389
411451804503891
1235431067277654
759753508724491
619352659906277
631515768429308
1246445096090991
1461550657676626
1112460956047935
497273618526366
577169870849983
657999798808087
1243151989872421
432662755634066
797674778152742
8486418831400489
3343326945988475
784773485910933
1732180910477962
1127168821530797
8375970739110475
1782461092096548
739223210474909
2005353679650569
546429860586542
683981699953088
767915951142361
380936364247373
457064566482439
447654753821707
617884733174364
629562808738283
469276205244664
1252886265561385
492246519024538
811567109985441
419397056756934
552517960006121
1217623779089000
599691391828450
386307400174937
1811565825843204
575616447646347
775198623756505
1560819281001522
617540726476639
1262403134517103
770135917525602
2459925844173187
451535466901269
1088961551753652
5316526248442649
477514860909396
5659442524114351
1175616253017973
814249053040507
1289095065252362
739463260450000
1819616678376864
1416598122151102
5216019648467057
1694199224287709
756434198977721
1256039285132560
827122015397992
444631497597419
422188739915518
358512666355149
1076907863213541
5667583506595118
651514285977758
1153174882076884
616996453154378
604728524476846
752585779284982
391861086402441
675972644116368
366452479022244
478700006970374
844803976410466
590706349343343
427012079389061
1101093007480758
3034447080032058
725537108740711
389013846704747
1162525741146069
589988139513586
1119644312294943
534248005144001
624546332423373
1129330897791928
3216831165313042
736362154244594
1081582032769129
794475211922487
631346611300283
382484963987981
370069705208165
1231256280944493
791988675300831
413142744202022
709957450102991
371937748209902
562400608912170
1767047626961241
1609544112779749
722820315442963
1507426589675870
540297087776757
358765743044918
579783903732384
2389847131170382
1421985131667040
526236252599145
3499275593731164
696316155528328
3321222684805369
453199870315779
1223103024938995
818724602521421
1228506021421132
498915708697919
842947943573754
516117033904191
861735454830266
2201731073331910
524117009567568
825029151947585
588709559732247
430536115927047
805037437372478
1320034678752635
2957657064540181
1249755222549003
1312709836138137
408971458057183
1148367632723517
490404239321742
630521705372474
798662594891996
2371414599677825
751290162605335
853793515785509
1124525615123366
819400962441291
2656758544458072
457940133033700
961957965198013
482877040135819
1228921867894051
755627642167174
1317090815735423
598384495107201
873149064068507
775262393684562
1389938054826112
1224644651429823
613599710473884
1582762138804910
650027562994972
654815212487053
1435158776970181
630093581959658
434682215308063
639165897840220
1250838842417966
304395381901660
1042185896466737
1426362917865514
1066691810905432
1748979145462619
1423703401477580
750595299529740
424268952997959
1269569730246728
438120951536368
615787266492224
396163066001297
1083695985896852
5922025154485493
614609086528493
3309161849405565
1199635760849566
400054308752854
720744066000265
1223191531605263
548943400454927
843629140236762
509206847850731
820356895919219
663779845119515
523505346346758
1871150483231384
1801426510240216
475253554474485
499150512176442
614238707163638
1470000533484516
6201937366501346
666486811710047
670979684446346
5543793322373633
845899779928052
830230124873239
799135871295610
5880162645347863
1329045751173465
765092871248975
761489814925785
645987516920811
807452056962517
382936540710466
639480090855403
632463488252622
600613128402430
451736886927706
1793975114270665
1277914349690050
1247666502722661
602341791541065
1728085537555933
447666807329440
561038489153766
808733950141583
558709196032067
5455584631215865
454313603301256
613861906936178
1768981960121629
612182043886100
589340699449863
577334740516876
1690112458009508
761667981605335
1733397873679911
789631642482823
1072912963655559
2124105007751689
551871966482794
1572262019836201
1565952573907935
1282422532307798
1735640020156594
1165668037669301
881068619740453
2311283845700504
519519173441897
1525499444529907
5843281672360580
864479801265866
1784041965313278
451203387202856
5744647875599864
5602822769798614
829992151759880
466394952138537
798300768120497
1218996301994492
1190009551728436
5440379902746479
825797795432614
465564148928611
1145140499732274
632083825298928
1140701053494673
1984330095094596
826331081698754
514943197302772
556776262885842
639491674182222
477847247716659
485895746881092
396880059276318
1343506512722320
456931053047817
667024681450742
403974528474691
631544388382587
634295488214620
1065516030765443
1448209339011364
827694298588670
5171430612984003
505848074876478
602330004760920
1770296896643739
1139280363352969
3226669184328162
863686237995034
598826798368176
1258129911672834
1101094384133547
384871897152021
1093554901582166
2823742027769615
786817502497494
1277194519779875
609344740754060
446394554063838
444324430925458
634395014352869
1387045991806896
634058031722108
600502774974853
717328432694032
514871293773519
378407674398221
787368488928024
1016828573048788
452401356338254
1510156926069801
1668030610236549
819700819128149
712531400530983
881738429924196
845969146631316
529900505767137
674834687462268
828325738256795
689704435879680
2320082624839381
885442385812411
827883245168971
879794039689000
2976566755986162
683768330040631
860729955064626
843384543649226
518691256965640
632918801955859
1488680924948844
672876021284063
934197614210297
460087216196712
5667486246650411
498953688875057
1110007616547435
5901938619870198
806669373961130
1388794294991149
1840850839608403
676622120589671
900444294666557
1088078908550319
682215960055544
1276563146531529
844460790314992
816010079512014
426164439516474
3378611259076401
636048441555314
1193929311207893
634939884790282
1712211925826958
1269402993915981
826973578499149
790725985492759
491292242884831
536376978218608
2840801569398485
3343747089283925
444308257842193
778729270087133
640212994156442
1470912663392076
640076340850905
3150477078525833
639974737704907
1140932546835793
3347466255510438
495317695788819
1095819264391515
497111308901900
814727469564191
1097526047824642
3574456169506287
2020482168160709
775962886951940
486349113348833
3426493257676322
630988735323724
621182539599307
641454057584164
455799069836084
1060254378009736
1128890721319309
1265312427552397
472084934832845
5444009829047559
1135190567395541
791976808802716
622442072722757
1405178196643098
599185881882849
755990692149410
586848709889865
669210337546836
624110252649288
510020334295700
1948078445402839
610685324047036
1033798700619197
818763429123780
769283424127040
839379143892521
485665229763994
8039930949413252
597092352080972
1281067642297755
405811938352661
490427542516247
1254826668586649
1051823898867903
3212537645677554
2338153256322836
1852559124944080
390091903283243
480608646951797
645308430155285
5504242662965426
475215281179380
1696596137390577
401808405415682
774476047092049
342990707954466
783854802925174
1078930386347167
813981446632014
5620926777971233
2892257661068742
526091072649253
1214002905838758
2961012944044716
383892973816170
3189985141241639
774882533638798
778246653326411
576640217486450
731857524594445
563172261958037
424552762965780
2025992290920765
1101025600820205
543989360792222
460799438880742
460860439227266
2288556801300706
1111368659448470
5509369042447268
1717899585269422
1049810718986494
404055068365585
592545912486974
1068787357348383
824085911893553
5606991166000559
455641919321499
1021769778524749
838923910412429
1221373318619857
5195841683817600
1207486753128784
347202254083427
395594112545472
489523186621873
1220138558588383
441362198153988
663196768660131
515488733765759
656916129129874
862137228112954
1226601911405465
425600066418871
463427555730544
3330447307215711
753248929075506
1118585845442174
384031557262061
2895302127442571
785522926050624
829527728481475
807696580676206
1026470971378594
1473747766425013
499265221601449
1545349715893979
418730390363008
469721558217508
773172870433111
1582205232176616
1526765874426428
473465654653468
636408807832922
1809261072748115
460421246130607
415847354013929
471874484814415
1812421182471511
779144643136475
813763599648812
1178732612708090
448413200585842
1316853788849360
841618113495794
1505212873240719
446957354117667
782840719578562
618076716556653
626202102491053
896121258248703
3294969660749233
480377590584489
432611415464732
1033303920691886
429780699083392
739883243895641
1285346838664911
360023812770775
1238583143213208
623554782095321
420154593183282
919329295716898
8705116259529058
672482144318056
1228205071294389
651255349778062
1084417856290021
679236956531259
812387993130275
620800513094434
643638294099054
780638836535706
827691698365891
596212918603628
650465729672323
627529445383424
1244597076359415
1083283235629862
417912250438971
461754242524664
2982248888740058
1718275648547359
995196724480721
1054774315245009
371236998454086
2004807943045765
1207937776801621
671689204450945
943386396623205
647467280408943
3339848929607378
487754063301624
805453210706226
661524705258224
520978086456769
1258441941573409
1285238068906539
1753932988303142
491178179189279
5726299704067795
1720943044910090
801691780837333
1180311269214195
607985784097926
1181282429317076
2056799604491308
1167786910745462
308254441442451
1225199861564537
456993403034628
620840213160293
894865951486348
669061191012993
612975367028974
467070155304149
818448629152100
613537997098152
980714486112123
3280445075548137
3144999972383567
774536710543996
495925065201878
615125160203208
1180904555800890
5582600005133143
612835237086493
739953447064835
1453306425188178
5493058497427184
1153187505537762
996933810969277
1045400420189333
841560256843086
1146393939641572
636114567874654
1283385825830884
497786621766612
437978791646740
781751046474179
3302874129958757
3297368247248774
758019385267873
424199129814417
996178398450176
610198987305584
613612143656208
856454542010185
426576636133200
1134977140767946
1489757494830169
442407664588620
5426709770781832
611508733814571
1488151148297076
2985919018380079
505099945019153
692793265614604
528936332489055
710849483526016
1678243385966726
696652961803881
1016052636457291
520366053246207
632306155231961
456151989830433
3320622414931995
1474324359715623
592641475944948
1443778009438000
359322016324453
817791292585742
1540762883020054
399949188949862
1803297133348746
756372838804040
1146892849592762
1057281121456468
830075824667329
2991518107808803
1542109312873000
1293659424725360
1134602454151477
6094605023901789
1295343201004895
1277505299688459
407006228220277
434927781837188
666363451757503
1310914709666470
1478447599326514
1471138833309016
5471886819558079
6387925791234347
3284693545079993
778693860123197
766412597972724
473103411363161
835724830753392
655075132418799
843238236664533
1379080972617499
652499739769470
385123590452992
940598153580757
624446862640926
1076889876521289
490853236225876
631513225237530
502650451867461
1198112890759106
603068344613265
3044154235875147
2204452773060536
470021688336062
405896295013573
1780837155642195
466260492085756
5753289421389747
505040124765700
814891559640706
811635086512730
777376013578223
610072857338596
467863005235121
619639283007398
784750469644996
748655196494162
638283784305765
403842235198591
1512682479162310
5555164331270808
1524847071268430
1088080071823536
1178469592731975
830132208009984
403497801920956
3519587938324277
3314656038765734
603554491211403
1890362251327202
486621646632933
848416526531966
3230286837213134
461810759188307
777634603439590
1842633872735402
1509828722808041
441738251231921
2307494852748448
5829407727092157
784277553004361
1254020448684311
1201043530626062
1024648744841450
807513387281564
581801740350583
634644567754701
560660799075583
366764628949141
1260937064441073
474675661157394
479867130615010
356366506657909
736596717389273
511893000980022
5608050655925739
8863876286971060
456565613186498
2333092646842190
1205092346725551
1707953626271570
490432806550223
3400410396952230
532817655376340
2313036822187268
778622750140053
5930488033642385
3296816063909976
627968905361967
2921454614825181
1363896274014076
621853206045428
752979759328219
792502045168885
814879996367601
5528567293894583
1046513169362587
598497075240810
1496097590827415
5488153317910947
1270373470471934
543131907189708
3376272182646922
832473711207182
1266475020771859
824847332041176
5629220417121660
2017536581776465
1134394363830453
1500740150372045
1953572171519350
3180902942123194
1254699468672951
1506740369819796
1582849278836819
764649794637648
2578247035651726
778661906675790
828700055151224
596778471926492
634626341407075
647928403557846
2049648605228041
424871369731812
794740005080898
8044873075554559
2259173827591171
1298114677593435
1118604252414295
1246858206073825
841913210515659
3198707413722819
921514672138989
488636766415918
654890715741500
485212403455201
1294597521311409
5186109228165924
630996875410435
776562170297319
872743557040537
4890733197694754
1101429094135270
588414859644459
543292224220614
1241826869903641
1250062342456139
780276659948907
1019706648659935
645941930080162
778920730015631
744807539947023
1197961887441644
438950018270561
524347176118480
1050206725697575
1495990317530127
472180374491642
604417334679695
661761351463105
713696273459078
786062199401047
407360801493900
2244589079048389
802984817737531
5366693413400259
1433474260491904
1435135220641829
621318722808836
5055569744541325
1077435106193076
615710589882555
824182558960608
1103359226940266
1055097048713304
442089881120360
369790765260630
750738406232401
2569601669838601
609287597060683
404457008306718
394083412785621
859753581935982
6031621736871692
858098185549605
1057883041508984
792511968653585
3255862737990219
815699309618966
851085042924574
1115821752267303
801234724662313
812348109792479
802205987476944
483426763604556
627636695228688
1400527653764382
456976943284692
883154406262989
1666798263738107
1161538291449605
805153890596354
638400744630763
787078215901234
1286251958800249
1071845790179389
784459863007388
767932021326003
776653986805014
1464659093970558
888584688844300
869990460812347
1098618744175100
1570742713386606
1067855263880314
1080496875947675
475610524600478
3336409233302117
395458715933876
1118278572414696
1391521427920177
794953005185994
1711926935843247
1505547123223059
6113087912053261
636332607905370
478257217533541
3330303560628941
595586248873474
608643040854436
1046839096000577
411644631094759
1849124505467802
1116368672646873
3305405793036512
1045095289542485
451789146894350
344531504480666
819449782748046
3285585214986862
481463150130410
1082904935918558
800100137685615
799237064566659
847632126247618
1153732318557510
619929919749469
1082614912392969
752561745841001
394302712716302
621850846047534
817788882905461
852745736165589
336405111983430
820041959007936
1096890904279749
649404510088248
1377308932795098
1286481238844516
1099778664010673
630141825150312
780892736565405
1039626890035264
758754022015765
507400454545314
1206288856624837
987153789351484
376162754703484
1592026207859538
1113855809535620
1274357123321161
1828348947507838
635964164842029
486470260053455
480369117322084
810248230019748
3306519369670716
1030335674315356
2056335944754130
860071118245180
823684078637799
638740727685698
406061671606331
604299994477777
625041309177343
1137618633517782
407510841454305
771878087401618
3214363442171003
385859227035486
846997202976125
622631722903493
796375924939646
826291238819694
479772863790851
619733563160704
1104855146796757
1997214727140311
449384323876614
470827778270460
788037338989895
2366543056829017
788253892494161
836479597521948
1779899195707801
1487229228383207
777081290175944
750288136034774
5712605235524155
812805189760139
5593104024066460
2131775000364255
1073832846584178
625361512623927
1956525298070976
627339905479954
3144498875813206
3307372236248571
1491438537985851
5758521150833579
624323298859872
665774358573980
697979735006878
1931140910569475
462859259304143
436623501776086
422337596716225
814784016501339
625118355975024
634387694848146
784640006159037
2387190888099930
1101701463817989
511132423845934
902033984094785
1047608769246614
1106786643357934
847631956226797
772897823769435
785352952701606
1121714388553869
1118708119031735
495083862078526
786251275931593
568531885029368
5437426266372072
2222286571257796
1472485573262711
1088234718490232
395526902566930
1441372293034675
460916462635195
5379054528810908
492677678976334
742336496865598
368604945485043
1271904313591192
3117048868605205
655263389350397
1271206877029794
598522868618210
1153218901943744
1036330746965540
1078619539682321
437709021477430
5407211639354582
475397940776024
1123164455005911
1103412246933588
434094268506021
473075254291153
1769223580120079
1002634480405971
1123089684972771
2301392413345736
623338539019471
464081181899818
435900381796165
778406010012580
1465512493890686
752158749428406
3267390500174653
769035677872317
1241916946545706
587166752987926
755320568857776
621312839147739
1191462641644038
440174401324410
756389279033031
792109362065780
752492239209209
2956589444487953
530183098796137
411225064312101
724446971946793
749484972760784
801385264186615
5248074548622622
417634520312960
343468697995404
584723616361105
569482494824676
3066426020335281
372333731682583
748424109543600
457835625764266
604019444448931
1388563378320237
2021768714673992
805949850560739
481837847086296
783607872635145
756987259076676
559468912565269
544291794035494
726205781993633
826884138278908
1682522345445038
1162751711248871
500323228190866
1181401919084328
1785313911818659
3304146013189645
433122598913333
5133753270080780
790207345430401
496948835175683
650816162937531
784526912665884
652497766078656
1966625116869659
1098831174091697
1339097766622302
1347635945767697
815185806279353
845879883242350
1499796560470199
824385575400599
369492978724014
386260476969783
470194114994063
5517144631672933
450303207068878
599837104961527
1949520698570231
776715186782888
1153908528841443
5382929725135557
822482232259158
601615201709670
624773199206208
1234246727359203
489195869721324
791329392071574
885968182402039
5415793198504576
1071746163707254
3280333232189821
2070110863185072
642874330497312
5239999252777438
466071665439222
477688227588506
642949750487390
1212403786279989
791944558595648
469258188457553
413387844193842
1201175293783028
1257014711722263
804740523876794
1144167633122625
582644020007783
442291611257295
1391506831373619
869800037758504
389068140044843
540020231142674
453584006640334
1714559475607244
826022648620249
465349449052436
5798435433539894
535959854549295
1291218968357654
547380410531542
1197664434298171
4890546934378035
2063400067179684
1763860393964672
883741416346220
875469086662410
446431870688635
1417546828769969
1486748518438739
631873861980298
414482720802546
1894095577452148
801420344643344
3411709549063260
1213684665863094
2157006121164149
498447308469555
1041224149895009
395321716143030
1503280173440281
813848373374205
627695315417397
3954311908025855
978804016176964
1257818341682222
752773559125373
5685838544805630
656518349002715
677573906604931
1064463554212177
5431635270222949
797034814874136
1099757300655342
1179879882872457
1113268999611230
764580867958331
652648839557177
5229471607163643
1440536696444571
771833747411858
804918510799276
782980219685975
1105010890388847
1978701015671260
962477697851164
2249183805257526
1094819311203906
3164729317161364
1050713108945748
827049458608130
479023507429203
660384735653367
759246585133922
501506218016409
774371623675321
1809200282748523
400188012106505
533364691833525
439718288026751
1157967038133184
1238691733365705
807612560653656
826827031669097
1810128455991336
804707884208281
498533535430822
2944973468982716
3194454287472659
980597050005752
371704678374601
772578704068757
1260436348022991
1534539263666029
3244667282414964
1133018467648151
1620846465028672
1846853772331608
2865561033739660
641712520914339
5380540448734299
453769619877320
795521518438521
3198499460413406
633427564823716
500775941466503
1274899723248578
2205513949628822
1338732330233558
3355991891391893
631186945033870
477180920795992
1466025217232298
1017738742319736
818924702874869
4865220803578640
460539556017499
437994188210517
458019053020333
3412552355670998
663270464929719
768612681032287
781192129825575
1321842345225833
1828812190793927
567536681792765
617376866781353
795421938171059
7973813212691395
1189386544956365
633149921758795
640581857591447
1143883936201431
1477281222695630
426071522893602
769446867481805
1142119113045855
778713393343226
393372906302931
488808242840868
495804992388801
521275283335026
612405033963068
619773766470937
641587600716647
672586677360894
769500657656945
786956589119719
805544663974843
1119948715395029
1546267482498918
2036855566498697
3434767293426157
834739967544215
672866927126827
1126451567958507
641181150957584
5380380585410564
1062049411173881
1055012885163731
3219424408311065
429391192513414
8520238871327237
493909719223197
403362261953162
602473504930227
1480219742403032
1329540247784783
654453826095661
6011225012240138
1255855921854844
466331928870493
923730668586992
480018500694829
844493773576792
1095162197843053
457596189738746
335679925403269
782131559505824
806898217165881
1041728653168785
649405086755406
777168076672551
640896057441419
456405923203889
1216324305816686
469583465186637
1127711497844981
1372401316624051
448702870569585
2578953868905667
1736175323405903
939203777469232
2216749888489067
1082380399334473
649010363202865
785717889412803
1285790618827196
807990663685342
556503576248387
442224297741019
796587548284233
618641609759676
849909716003799
866696264311861
1430917690735780
406883144940020
611938853721109
502712787863210
3305758256410608
1115834349018256
978622813534144
757378785343602
1107632269862770
2289707601205888
5216572831773167
628093182185239
474818067877147
1532304363891382
796541398466038
1790489357964873
3270076843307815
3258006244455130
828919014770365
1212922019647342
1264061917677416
800235734653129
496428965265227
803269910992845
3270600363206654
1119056908731834
1737904863241443
1545492529217882
442986164596155
626510425849489
604424221315619
800272201165426
386882376983384
771898557251056
881785289456487
444417404323505
2154529228053334
781896463016700
8239089956131814
7905782969494688
1485355365236117
3316106811972907
523675729758940
758435151889240
507260834579127
5734038829995233
759242258490214
622300602761561
3262890604029480
811914870249027
789867502136366
769487987663282
1097601574195995
812489523111801
1098482580806870
1206737373242364
1663338537380744
612728157024009
652092789487356
751350602638847
845860686403726
499532121550380
650714989662797
488455909516557
644096887041486
619311469698985
802101824472504
1277394409697438
1103258047231398
638867410961908
1693902167647905
425113746388281
906311730341827
849029696469736
1165214254064613
3209281992656222
1322823048521832
467236542127539
492519012371114
458188559406427
763927514720944
474598917884126
5970774989633852
1101354277170471
1278885372938569
1478342376001734
809814183538567
768544407560179
1588047458258759
3274885429495123
1459870077860952
3175660802686753
779182529962310
814973169683901
420250306687013
1604237143368910
3279965615592646
1144024732991148
1232103560697223
1097340484244821
780121209861948
767349401148268
495123212056141
522818739606012
662112938810053
665686167892371
517447556856828
1559323514485380
774281577017014
606439231131758
773813860559548
1067850987263902
813202503360932
1084927049082646
623262102733963
489417656363722
1086722158904637
391595026306762
3188649204780228
1245311366293127
739797710451787
482027693795260
496467921901415
2912503882379182
764780441480074
454855229916071
1667267347008635
5236880929772082
375766874768155
1570802910004033
483573890295877
2966994000259781
490021436020508
476721520998863
494867969143285
1969663393244955
1067013540847822
478315160827992
459651759443161
449560743902474
1332589453940684
1277640286309355
419639423618429
611223303805315
3226243554264197
806037874069520
415989507313997
535681808361222
787962655957975
615122310064768
488014036511313
644654053646882
1238325300351458
2080144002172291
633570698493639
685092966564159
527527022467946
3266919913532705
358171683097165
1112600102974951
755862125491474
597357288732240
8769199173105407
444944977700711
1493803987736454
5138777562917560
499195035538477
828092728361978
780135516636158
610675880525852
771850730543338
1132294114042580
628918618646130
1143289646605828
1948823755327173
587186759806477
825514995146977
1082651192455240
423513139875597
457560476303395
1468848120202799
643729673708288
799489774397052
1507303279741720
1998183853710111
2929029460732419
445284160737648
493269765995570
492034175639751
474504994572819
379441964400907
770602044248837
648593603201576
634326241539113
494190998845463
816137266477151
1089802755037914
1282274972542021
3288383954822003
1426900724482152
615957570106119
667939750920390
2366477310157925
806692167169340
936808394378214
439114828053481
414284990845618
612837230573427
1145049296095172
592933648978865
795002621641539
1506579563134814
599256418363367
1774507882892612
610821897239578
869232721129681
406822244896668
409448917979266
623588689211381
478657103895596
476551337667353
798740421373719
367239392149989
1481186768993553
1527758397665639
1330789877727279
5455031654573733
1131574777435729
631464195217120
490819022548461
2175513135962797
1446953182476536
1045991196105310
2340080569473194
377808221218803
659927665201037
625289682507100
583631530224779
1904165893116098
763572144873795
471772868193146
3014364245521289
480894050299178
772942880654840
800286421009998
456328392916767
439234678176669
774643413589669
437512935021415
789698895604637
618621959665593
1790885567910610
1198459670885742
867786817960530
470591521654184
386240037032249
1414883115670291
424829916206321
654846859579181
607658877706378
3354550518201722
475508717791179
2464191387083270
1110333249864436
1771668553172431
653065562628851
4988822384557661
5512921392160536
388332863301439
476253337700847
593916522523446
1709650616100443
779265966522349
392867023024299
603904318080941
468115245239683
766985751235623
3265036633813278
1526967711150202
1077707959777505
5433186093424966
1217947518833610
650620929536804
536695688216007
789156078892276
1399019980589239
2990901427723372
606168444281462
1322903174781606
609232950823454
588917569645578
458335573004115
1057857054895449
805079730847120
944887133135528
1763287850673531
795307488266788
1085260748780296
480807480575217
849069462700333
1433390627138659
640432500717408
3385188115070761
771356497442456
632211864927780
1118373968788173
5187088238083409
573169214509805
659667751827199
1207897096453684
1883122588693528
6083744191638057
749883562983017
605117001268240
1075485459999459
604336151412448
638583277562490
1107639403455704
1874010802930022
767591271162723
1341926019884888
619339629690346
630574281913469
1186210111938514
1368616053662620
3240870452867350
799788998036754
1831268910543853
490377419141158
678178627292998
1746055792423511
1267458154028316
419194646975102
2955881061222487
3059494821007816
1288206071927925
622892616044357
765193924557747
384774153837504
3338467043141398
5908151749218927
1556453081457604
4255200417937982
1244323263050914
803407847363083
1396418677550782
5400939179985666
1145561782697523
3147751735442410
452863036784231
1438965403282725
5442365062546800
415273474048880
545447873934032
402577848682053
761204648484852
891078308533908
617323249786684
1076440026409538
5746799731997959
590952392504862
557035789503697
486136979642336
477979074171023
5733481106685971
616365106699914
850290752799508
392544323030874
773788147200486
1020195931995840
640945993982743
447776027280597
638788997508513
785000546286403
1255754395257432
857552921892430
1470630556697800
494309716044599
1683003668751203
5398735273574076
808513136995424
380144564311538
396046035990924
490979949029452
740896957015140
324065629894854
1070901293817843
461306372385654
804356087261982
617828969703957
619440169532394
1318182562352506
518451923379827
1112873686321382
1451049598707991
5516913915060961
468630735143444
615534253520927
3180261772188297
1178067936105899
853333775656678
367017408977856
5803272633129280
380047910768324
1563024777450120
477640257225498
805878850766803
2220686384766458
770782727507232
645011570088000
1786644165039267
767781827871149
2454443244712644
413869174068424
774004757139188
1515024065576719
381067304028283
1181669215799053
746662083339104
3184996518420247
372672041729618
778965506557286
594029288828745
790041698802643
800098181014502
3275774059367090
571388951346126
554977589749152
2068055426725620
605879900973712
1390720878076898
1685027888545398
5971786639502857
423169499794738
1070102787213070
620457892761169
539873457936917
788674239004153
471048798368288
1335974373600310
1165941840803783
615865119889199
2943576372601907
643413337206987
1722835858071825
395721292687126
1192237434951139
600228485009160
6052804128070249
1747522042294965
5915160031847744
2554545204687288
629769361790966
1424246698074266
598268398469284
1061221198120509
1102207334013747
743460156739583
1204402706958480
792656305200154
1231066837463706
731543374607403
514877057304581
615537900296912
410136971215577
4975695839200858
3304660109763226
869174954059193
775080210301877
1692884671089226
3282456378703810
590566972572441
391136993094008
416187523826104
429054952552264
469509308034291
1108565643369731
3941034016121699
424595209476225
2603782256423323
386743343611887
3116991535112345
420504386723763
746267153298660
1253346562081251
1215144585989425
3317981098516059
355790686762253
1086198398969268
3344456725876531
497432598811194
1277037733103033
475352441082828
466926538778189
774925927034753
400325602088329
581455300289391
798120924958114
2918968755065699
389494429962107
629562438400739
3149423441979202
372961558330449
454210803044678
5543797122308310
805824190776162
2045502978990933
598287631661314
442363527775389
780330009778682
1181880095692112
1198701107363271
1509987642784617
3307168116268927
457276052993062
557572759403076
600658911679571
720371175717218
550257120212574
747940746262153
1071594186817502
740896550514505
1015165419049191
1096433067951950
1174984243062452
622884179061129
1208642549710167
2273229546164611
449991880386198
533837881827587
487828470010025
448670863941121
379287517673882
631020398124404
731121264862760
1887023488163880
2235059920000730
3178880125709783
3313414392211272
586830659639618
1854261574782435
460406162568982
819350632781679
619653726168937
1176099566582639
577752360761221
1770388753323953
729815811430515
1195090954606924
2047171018823737
922614841864756
1121550332097706
779997153356552
1066849153944249
1218794138689547
455287843078046
1859175797621660
575063304022680
447792960295284
820145712689650
1709224422768926
1095995637666190
554690666193574
774318977109793
1791796097829533
1246972212730002
426681399272594
773892350428841
491281279664314
1022748141772655
963636317786182
793187902012028
1563496624067441
658742891941364
682657136747012
2068012163588365
697781675297223
1188026015258524
862392641452315
502669281532953
5784309024913245
1342515953148428
923664038591378
809096200452859
1271470013699302
456708016387484
1289750595123295
1727651274255185
1113057379639772
3336354993311543
507504931377136
1129017411363655
391324989851521
504061758387351
811312310281028
1502159736890622
628134938887201
1121334045133383
481166477093625
727471641867746
839975717272950
531527809011945
453838983391044
2501755979966855
706912490660480
956779855726235
652299799880697
413956400810792
524488062886021
425490179793541
659082549140656
3305853916355498
454299226772398
634056261462261
780688059694620
500872732050702
833359714703273
1202138097020691
3176424515953046
398375018884828
621674852633349
471565888097490
594915975549746
436935645138223
458642512415987
2389168344569925
1468862450233724
5354486541286436
581478363473278
629140875265399
814520192992387
555154389781376
2677912745677967
1347333422742106
1283269142460788
419833290176960
868893827454602
5443294932433671
1196778624216899
774556850480615
637474321281614
751916392555945
6021125424599365
1030492084295205
401108618844647
1038429520126507
626805302388514
578980694012038
606855314465199
610206590653990
1822641628128001
654419822683839
5472910856096421
1084932892386834
928713494757607
1063771547675966
1703587360020681
1291131618289934
623225992700400
665995178414615
3349184331967159
1140884810118134
1296899324387167
1550666882019448
878036913167657
3407928326151367
1413367242509054
780305539785511
760321748620181
1055082592046801
463787052313168
627928401879796
752219879415773
586742939598467
724367705494800
399619315468951
465714275555105
415394114067127
843216953569921
860856981894159
572887294646674
3484632178485072
725460725875699
562039808710118
2102581663275301
708707157275244
965408484433423
870970024098310
707265234352750
818485952587102
663396355521923
560419162195388
828950238162449
836247667630185
2509403972694420
510695161120507
909428950242553
1518969931902479
5759758334067228
1511608226006872
816877132946921
822879972269486
1322226441651843
1138477350133418
1466183643866999
2278680115634304
3337902006529178
860640381758133
2191553647693962
1492813784563196
663692061877357
445095454494414
667594351706736
522675863090708
702752824302469
706353777695704
666113541703871
463798215823137
532840248316603
2994800574147407
1083844455637511
1318990598932542
676882680451352
540211344106726
1311289506274808
1075374256486443
528977985369203
683151739799761
672823617689357
577974637431341
864860594882755
1195083824694082
1069308857088922
842251227216998
806411777303823
667934978332885
1110281959858726
1431778113897573
1176369016247538
403948338611807
399551375724972
503169678113141
678362643955602
632755271688721
2910714119073308
804808320643415
453926083383420
1236394287214645
5890877877591065
499682825347956
469803711870862
512293186914837
1064867740834912
1535645313558138
345909071032244
1492777314569720
424355876482203
616566093346504
1555532651558236
2361261507355659
641848707465042
3148784598717931
820657896044901
652570329488726
826676448334956
812467533270192
777765023300143
1262797177897692
671526547313625
1074662263419062
507091367913264
790479405506732
795648985085717
1262923917862066
366937988871935
583933100095053
775165223538783
610353767477293
680933799549101
2374784136013411
3359175014301255
931014894957311
1243312869855061
5513357685389533
3296534610623514
2207908679385213
621567089436837
1708588786187087
1655766281532440
1994100004312668
1094162071228206
767231504351597
1457381211437065
493005159013715
1117611178848911
369514955268244
2417994785165902
606390910952081
479125300563701
506572307474725
457490786404400
755846155510511
752339522528752
831235114565095
582979723584469
430518845628138
650470869704375
400984052217605
1830178100659458
564833392059001
615064120323143
1076267459927794
617733663317594
841451583692524
5392984770778010
1041594896536224
1549420292139182
633041298473996
1128962168004316
470245781495910
5424021210967425
2338258976328821
779741033327617
836263547383392
5293510080747486
674744486843358
1314731039333940
1122127415392098
453914580089472
3321261031528674
818943035801463
628638748779629
1876959675843651
1284041789009383
923202549070261
1255002031982625
1118434752089349
1515276202245584
612256007121262
459788536178230
3365860357035796
409374117997641
1057239151659262
604775364602318
834944147669616
1139731916981250
665546017860464
939306583556429
784497425935172
790473358868083
1297155967784976
1282167105944899
490040515916256
615450949949423
2986113971691234
768042924253257
796298058083817
3276567749230708
793235832018366
1950573118464517
5519495064796602
1073722493512011
611741443925741
608537560940773
390329446617589
608286400970034
603444481325402
850684886342136
606616464244568
819586572736361
646293326689602
386154050362527
495412142423940
803543430774913
603697458019892
1115682579053148
1041556779895967
757638675537326
474436341206826
1191509531415963
838715430872094
2474777489360151
1292344008235949
1238376923589303
475837577473273
1437113030088787
441106481412845
1151341778779960
1046786759330992
1265071337627837
958332174891009
1361619568006019
1125318318401973
1613009012503438
469682561683800
749241523039342
628539902321505
667240981035848
831299988238958
750889632654602
642263753736745
378366741154578
433789708570050
637703211274767
591950802417909
440674354699468
379897607647378
1219593248837968
481983473403270
575485444143804
580735687129891
765100404742301
605775834522152
1099173130981868
815893389406490
1060565718164819
1166891290590760
964929944906108
429523659210767
599759181734701
3299996870282369
756369542281687
828599848517999
625801919139868
1637279076673921
426951772789065
724974065267241
805250867171445
455786629907613
613485423644353
3357724544515742
383664053713031
562745312261421
1113646292569193
1245674026247642
2942117316088502
2258184944350567
1013696552646272
468975671318584
1666385047075749
2307954136020317
354901313493170
777878466897049
4856196761151697
594282468978957
420804336679897
1297997650941745
446293947370316
1139618446586258
6079078835440565
781435972874196
369694701958330
402633465263096
593925282337901
346079827711957
1188948108570375
559820315796174
581876146872475
1106247746979686
381909880639381
1117094192486578
732536101129899
682939723311419
714037107047583
1334190087397213
867060507779395
1215916332669782
1588149254945212
837391790753784
520731623161460
1933690156969476
510866007510107
3366088893638468
3307864299528575
1496333350858847
1358419578235314
847052443185895
1868167426882442
888445059008540
702241571420958
471609145152886
5697155867041127
531143475567428
686505666209259
3321497548099713
673597641009802
877124696647696
1183475818928548
518128007021150
669967774627802
707181090611827
1182882072316834
687759706188097
705747540929702
2001231586743913
1173590006872460
664035895299495
503435821765261
638783581262256
707430563913431
2025448547660843
2419145654892894
3506660049618088
681056116811117
1735790333459072
842121630177748
1668714480212872
1400876017412062
936923873942183
545516420724221
857158488965460
3331010807168798
5637146359706640
686994103040523
925529341766145
1170380020255531
685096853185006
868614087512429
643385484190861
854600485875815
667090734795218
1104385360272297
3326950827620913
506672778149275
590826732846939
1234944077088135
829105851660554
516153777080208
561280842673186
475981871340328
3399658933648760
5710511139034857
1381438882260598
6282032065144579
507914994727089
1308290333306950
811077503529775
461299859467987
6031665276883507
698225931604800
647908307046598
1118096775570644
667254524808414
815049513089977
5886208091443906
1104142646959025
1989659477905324
468483541936256
534109068272178
673929204145840
663258165403123
691722105578445
1559319891206945
5857890837595242
5611667145580744
643690087238825
802637024172467
1124350231581776
1282258845676184
5585815714837049
1526378541209372
876206603734476
523702292994941
504519585064444
685511442915688
537580104430729
1573274519854878
1601316280296140
795030095238269
1160635394853343
536799871622988
2905067129789204
8989429644416152
1854770524866672
875021160600117
668941014793685
1147519715949792
1472069039968577
480090594125285
635117964994945
438189858492892
466842225434832
690411802426404
1283575549161637
624971192703389
1570785650020986
1513346385821946
491769462931967
1064749707552790
654059216394178
685143306299331
5484035458360035
1309703589784959
9001603586523828
1134008537504281
431823049122462
496831572395982
664289041748841
977904809854297
656571782660370
465508162128795
1273145913228326
2305100799650004
1133382567552040
427657252708480
3391136624544142
663661595164668
842168563483878
455710453338369
1131155497522359
636716084569758
782922729441459
3281129982161346
673174704319315
1054957325173557
826832691901637
1801531453535339
402039632003654
1098700820793924
487871870036212
1166905837540533
660328308862070
5749593705149190
959738968749867
1316896565731029
520501663267936
439240668290362
3435182180037910
575766874349733
1626476711087691
516101360372607
1123286848296109
519346209700067
783722626192234
2812673335544430
416373624015896
655549216283268
915755079810425
639188580948724
1221227941756851
663479842078779
400009132339813
2303406706482615
1129382047687803
524826432308800
850024759347265
636656191223702
1171503256778866
1156956341890642
662556992165758
3362606103979689
779731036446531
1081679035882623
498964448755247
1508617599576119
1967568773439531
1070205477017111
1259396754848790
765663457856364
823526835450901
840880793581112
465158035419614
487078736644833
669390177699305
778571249918751
850882792948248
627620335436789
1091397401513490
1434523100383930
916097842685920
805040233972090
2943130582499478
375489468001565
1782531912092512
462086939311320
2045365592314424
463627999034610
1257680625073297
2714003805565268
502515327943134
1383932272130280
788401109157309
671524264332247
769454994283042
1871964553194916
1677949662591804
796328131681222
1048932295793258
6091181844229998
654543649240629
1223593458199176
483822706935906
604609534485173
684465896345019
598893351937747
636721557908860
410531951026398
5216020941857749
1791617507858446
784044082650049
625166409176665
799923138098691
493812208843606
810424073295739
819663002371033
503237088285347
504317114859191
464172212351894
3310204199306012
1721203351588729
813298173347926
1265769307491266
494965695351639
778261659914712
2877252989237075
413848664207403
651853722767509
1194300887817372
793662735105234
4951192118313781
1110629432886238
470017195009133
552236733326633
407991881485604
489319786370035
588336639694423
441311341365278
779816393233327
448379970649627
546047973958688
1158702818332311
1457568058084879
398448892368852
444981457609757
784590152960943
1132127444042019
1287523012017877
3322523931407587
393455526267363
1434545447021541
1135619093699308
1179734202574318
495012795750191
830018321508549
537736528122786
546706207252723
344043297854979
1311762642910013
390631886375231
1145044316078419
1314202092651372
484083849819621
494307262525001
450963113640645
491196696163123
601899761673499
304125711928649
5442565532488172
566365138506623
341912041406481
1219745572156360
859748731657193
438174378283809
518987710226412
3312045172363333
3188990731350150
636682191064421
2116373411877559
1014471002559759
1503676516731620
584883006459060
733105501100022
601686914923889
349672250584848
560468935829285
776055890275361
627317198697688
394258952851976
785062095874880
1398685053977179
393847192878161
5036060709833897
1272431600253556
290224169993026
440784197783676
800076054491809
732649604489899
1680074869017625
749779459563628
497960815424391
3228531127365139
374290041517680
1167135220507268
587359019568705
1239938083486892
777431996630405
1227521077994984
1754564708231680
1010471826285245
1198073044307796
5268549013240242
574938267640619
599722954891870
449501690092578
840221780676853
809650780044432
440610797957624
2522716267863665
454841806131428
624360509023486
1091057605179454
738383437370979
551425316767883
1915390465338278
356764576641631
2074533609387770
1030007751219626
586113699647639
589059652934689
1186573068803016
448368763516238
2086507458176453
450356076889991
3579138035646288
1235959203610875
426886149312517
1226838564753324
627329568821665
451437379812090
1405710623243511
762269194803915
735918907738207
720425259254472
1105750356689744
3264204333846869
363147272584761
4915894328516684
548333256985589
1060636774554000
599261554859287
585688166326491
410168647663140
756326332088391
627552052456979
1209955552941887
1494088281018925
515428280083181
512014210766435
340857588232806
795932488217655
1068384343882556
488255536501547
1779698212369906
6055122837837297
1334351897098199
5232900063487604
1525801151224162
567206565161289
512475507365880
1544774212646146
781302213177698
586859249858936
605747907886588
634508698085724
1287014675435494
769271034360467
413786030689500
558588859359513
828354485002355
462010509277726
629642655212193
404622658492731
595859522227135
817173539462323
503550117770274
1100312260608732
653637556102464
623713535869810
626763762166921
646912683459582
424507239813088
807387640679952
787089579105165
640685347428051
600835188178395
464248549080099
660956505452704
1037985940227402
1055272045132972
513944214067228
641767787606268
1515112098933113
465300058973364
765937004695942
621880649584042
422808003174886
483873280020521
1801704240181255
3270288046593107
807349927062022
819669035855092
1467139940775638
802836614240161
429683319256507
2071828299824741
2133189533508302
409166334657228
2884169608557706
2328632157302268
517631227029531
675272223481272
400632728922190
786832939172162
783648039519523
5558109024275560
1188169338582038
795826101833391
967013501398079
2277891975684813
479931980684844
407895154806165
409740707764131
1163396934211819
764520307976988
780086343236972
475584321250953
946584900066386
654127052475921
389063296743326
605138447766308
1069055377148244
671831260445196
755071415553178
1130109401267779
820887809108525
1105214073702914
1070768603574581
1177938592785265
563988425415927
3185490438330657
425086042821220
431972045436323
618343036484958
752216199413189
607580094352479
402119862051299
798260101598719
604901321110936
759015855336408
1266455630797858
399438668964638
1526970034404861
641453517168286
3379152878985798
446341504217559
465279431936522
543253140820119
842743573767482
8296576740382418
471218127801207
1114140365847327
379060014363337
452481569834800
754594269197754
700601498040047
521503976656927
803786067615256
1809342886079080
1170788783477051
2245690818941292
1164950694364932
1064249687621234
816514346461218
1456524774832625
773485857241306
603339738158839
479948677361929
482621167049891
1285803972172441
636871494450452
1132701594327941
562342755682975
754332975656247
505095104778463
5297795040286935
1724984634521625
493749922251423
1288869778184179
2282952025207642
1337586173648599
1116696355871013
1422151678307996
471207201401675
801560197511468
613943133463822
411072531153380
751723422794965
807528743774680
2009904499397696
1314097916024965
824278629012276
667428550976879
812047163138526
2642424755888927
5461053687264281
3211821369082203
472374904799314
345914237664439
1103195983953016
1757650604604900
1253540208805209
1407779389723078
5476773515718887
656309542763792
734142427654733
1238799893577731
365457839076835
370167938614902
1249219595874569
1000848024643398
450195643727429
3324034551255757
477647377349368
387295156939023
1257783094987651
783371819638203
1119334735665476
325732863043523
608523560876543
1676199339425563
